150 300 1
550 300 1
480 520 1
500 520 1
520 520 1
540 520 1
560 520 1
580 520 1
600 520 1
620 520 1
640 520 1
660 520 1
660 500 1
680 500 1
700 500 1
720 500 1
740 500 1
760 500 1
780 500 1
800 500 1
820 500 1
840 500 1
860 500 1
880 500 1
900 500 1
900 520 1
20 520 1
40 520 1
60 520 1
80 520 1
100 520 1
120 520 1
140 520 1
160 520 1
180 520 1
200 520 1
220 520 1
240 520 1
260 520 1
280 520 1
300 520 1
320 520 1
340 520 1
360 520 1
380 520 1
400 520 1
420 520 1
440 520 1
460 520 1
920 520 1
940 520 1
960 520 1
980 520 1
1000 520 1
1020 520 1
1040 520 1
1060 520 1
1080 520 1
1100 520 1
1120 520 1
1140 520 1
300 120 1
320 120 1
340 120 1
360 120 1
380 120 1
400 120 1
420 120 1
440 100 1
460 100 1
480 100 1
500 100 1
520 100 1
540 100 1
560 100 1
580 100 1
600 100 1
620 100 1
640 100 1
660 100 1
680 100 1
700 100 1
720 100 1
740 100 1
760 100 1
780 100 1
800 120 1
820 120 1
1020 180 1
1000 200 1
1000 220 1
980 220 1
980 240 1
960 260 1
940 280 1
940 300 1
960 300 1
980 320 1
1000 320 1
1020 320 1
1040 320 1
1060 320 1
1060 300 1
1080 300 1
1080 280 1
800 280 2
820 260 2
820 240 2
840 240 2
840 220 2
860 220 2
860 200 2
860 180 2
880 180 2
880 160 2
900 140 2
900 120 2
180 120 2
180 140 2
200 160 2
200 180 2
220 180 2
220 200 2
240 220 2
240 240 2
260 240 2
260 260 2
280 260 2
280 280 2
300 280 2
300 300 2
320 300 2
440 180 2
420 200 2
420 220 2
420 240 2
420 280 2
400 300 2
400 320 2
400 340 2
380 360 2
380 380 2
360 400 2
360 420 2
340 420 2
340 440 2
320 440 2
320 460 2
300 460 2
660 180 2
660 200 2
680 220 2
680 240 2
700 240 2
700 260 2
720 260 2
720 280 2
740 280 2
760 300 2
780 320 2
800 340 2
820 340 2
840 360 2
860 360 2
860 380 2
880 380 2
900 380 2
920 400 2
940 400 2
460 20 2
480 20 2
500 20 2
520 20 2
560 20 2
580 20 2
600 20 2
620 20 2
640 20 2
660 20 2
680 20 2
700 20 2
720 20 2
740 20 2
760 20 2
780 20 2
800 20 2
